724303
222820
672850
725085
206740
833620
172005
475730
063400
864300
114140
726170
022260
726518
534630
484780
061200
477620
724475
725150
247380
080450
107650
076350
853150
142440
224710
403600
478840
442150
306120
427240
013840
480350
418830
036580
477160
682260
478210
718454
474060
171240
722065
386150
075580
431850
586660
800010
488550
085150
723546
403560
247680
725525
823170
724067
725374
724560
116830
330410
023210
123760
745058
123600
061080
080530
471310
702615
140080
171550
407410
604520
026230
032380
105780
118160
724400
012170
170670
862180
268250
228310
582380
142580
161810
516560
064320
678810
028010
874670
600330
504680
171700
416000
132420
837210
306220
478310
471064
280440
726380
218240
162420
725040
786470
471380
722300
714735
846580
384030
725260
083060
683304
080020
727826
075240
804100
603530
308240
160370
100465
353580
725315
020200
263460
766470
014280
345600
767260
718270
111550
165460
604020
688280
623320
032810
722874
718840
476610
408000
024560
082210
726553
530680
724627
105260
082380
725376
387500
722085
107610
153350
585560
265440
067530
157300
726088
486470
074120
084170
150040
717270
161240
117100
542730
874180
607403
602300
011540
277860
144310
480080
388380
747400
386830
727515
076020
725340
028450
166500
704140
680700
638870
723630
718050
022060
718340
020310
237340
143700
726450
477430
726357
368700
722735
471280
341720
717173
684533
477540
710810
471650
863700
028640
062100
480010
601010
030700
156150
038100
506030
726575
071813
107880
726223
157260
067600
360220
071470
725118
155010
145280
474070
407310
804250
102460
722524
343570
167443
033210
655220
480180
471040
480600
765710
478130
478570
037760
176010
677610
385650
726355
010230
163600
085110
173000
505640
722615
133670
025200
407450
064470
685700
725610
031000
722436
124650
475750
872570
503530
607200
144430
718770
108644
726562
386110
538450
724458
408120
786630
723556
163000
727506
865600
025580
508880
222170
476020
105180
171840
013670
136150
726810
861340
870470
287560
526810
157410
013640
723020
318010
560330
111500
264060
062800
722106
476060
605810
877150
032400
073540
112400
722156
478430
106880
727033
477760
383880
603600
476160
150230
480100
725760
265540
476570
076100
727720
726166
724075
102150
725224
031320
268820
010017
722885
170610
160610
011510
013740
723140
724220
711230
725450
725407
724175
014843
284510
164200
725500
064070
022300
723677
724463
064310
104000
107750
108660
478810
474180
283210
134624
478800
717000
070280
727347
160330
164600
313710
724674
164220
476340
407120
040180
032350
085710
544050
128510
123100
402550
475760
036720
702770
025650
646010
450070
725038
106160
122350
434500
478150
723525
575160
724457
722011
162240
501360
118260
067700
476150
702750
483280
332610
723440
488400
605570
717300
167430
852440
022880
123420
014480
014550
402720
677750
762863
725370
442300
717070
100200
107420
517110
410360
703620
474230
572450
110120
114060
112410
726777
206670
310880
146520
860860
671070
726770
726360
116520
722358
014740
316240
075880
167340
103350
030060
476540
747686
724673
726654
722166
075020
125560
476870
724755
014360
762530
713680
876400
381780
507450
160520
722045
114570
274020
766560
726405
722537
