722017
724833
142360
061800
388440
416300
727735
070220
723526
724050
702670
725457
717330
605200
724350
724113
245070
075300
030080
162310
718830
320760
616660
856720
067800
026350
871550
261350
163620
442860
030260
722323
722680
165460
601410
433210
408357
128600
745700
478030
012740
167060
723540
033300
351880
725455
717255
683250
424100
718340
724014
724675
066040
477770
720328
718720
024560
307030
804470
025870
076430
535130
481080
474770
407320
431500
583211
060110
724230
025130
040730
722620
112480
170860
726056
724210
864400
727120
722544
726770
545340
043410
228310
421310
336310
722347
712600
013680
402500
121250
075630
722251
033463
620525
162430
851410
724776
402700
072350
603180
725366
257030
862850
125500
103210
722340
548080
156280
085510
315100
800220
720276
726375
171700
172480
623601
417680
722146
725868
171550
122260
161460
470050
121600
722133
873740
130670
471560
288250
833620
725533
020130
042700
722182
678430
710376
315320
804480
536140
725107
726060
206740
471370
165220
724760
070280
072030
747812
155500
702615
104880
144430
722550
400660
725488
143280
042023
040050
604250
475740
176000
064780
308110
073000
722822
080144
072170
014520
162060
062600
726284
470750
746710
025000
311370
720275
483800
478130
586060
510870
321650
161100
726625
024760
747770
875060
725040
063750
722555
108530
336630
426470
718170
560800
653520
432330
604230
318010
346010
724880
681830
172180
221270
682640
720368
307640
220280
837030
304050
102460
672230
071650
725235
722300
718437
163240
037150
711880
745160
024680
378650
014703
726886
837550
725717
723750
722256
747560
714724
111420
723530
723723
222350
100001
702710
726410
727477
222710
726785
703052
722448
541570
370180
103430
248560
407570
546620
080143
725461
577070
071430
722660
166820
076000
076460
725266
021810
605140
723174
407370
725424
724468
021240
722533
160220
126000
025840
725150
726355
722342
162800
071060
140310
135830
128220
150140
036283
835660
062510
232560
530830
032610
280640
478180
852230
201070
726686
474340
131730
724043
260380
725405
233300
725420
726665
724086
720351
718432
475760
140150
156000
702220
111260
267300
724125
718443
711320
710356
315870
474350
723273
160080
587300
724180
085580
071680
261240
025670
724620
726816
724080
723440
011800
383280
477550
111550
702120
223240
170340
081763
722725
724507
010860
655780
567680
727827
075860
724067
530680
725050
121850
406480
155300
508540
163200
722080
727700
584240
313000
873440
263130
722044
156010
724233
853120
471010
166750
161150
477040
720363
357000
108600
710563
718270
111500
234260
218020
072050
717080
722116
036333
722683
764020
164340
720366
012710
711740
683200
170630
725454
100380
725665
671520
724058
726500
812250
066621
285410
505570
023080
024230
702757
314420
108370
726556
844520
025460
723060
536730
107550
724556
726561
083060
172005
125100
072100
722043
726083
653350
724105
133700
384572
722187
030050
025200
744104
077750
037683
744656
406508
722175
442570
476610
341220
535880
010680
471650
727840
134630
616410
072800
085300
862480
084170
077610
024860
876480
081480
442120
702626
745430
476120
517470
724280
726553
478820
725074
020550
834240
371710
700260
026200
117230
104360
477070
726620
475200
725204
320610
725063
583450
060800
125200
386870
136150
064070
873710
123760
030750
080850
024283
111850
023250
587250
871780
701730
532310
412180
722362
722314
822440
011670
234180
338370
766546
400830
285730
061410
032635
573780
165420
126700
570360
