548360
118410
702717
104180
700300
412170
474340
171880
010750
645100
336310
337610
725750
723145
066600
153460
010470
301570
116360
858320
604670
144440
262420
385650
870470
317130
725247
031710
110510
727825
013800
723560
072880
727505
478510
034140
121250
176070
620560
354160
384130
726876
476430
722015
542080
128430
603400
432330
038800
475810
620020
725827
717173
450070
725084
010880
671170
710335
241430
104260
071400
800220
722115
012400
141210
471850
032810
224460
844550
723068
307580
403770
870220
722505
172800
475880
877150
124180
670830
111050
725470
862183
477740
723084
727340
476740
125400
152080
012780
837800
787080
154020
308530
152840
722265
782240
724585
636820
115180
507880
080840
280640
075240
140260
680540
485510
116240
287480
725720
726468
416750
162610
267130
725415
433210
582080
484550
724040
726516
085410
153220
471074
723627
711040
653800
150140
723030
723086
381780
333250
402700
646560
313880
865750
103200
122000
112400
038620
270660
601150
726427
725330
225500
854180
480780
151620
343570
108270
471070
160220
341220
723510
042720
726405
875060
747810
275320
263480
333170
768480
031320
133530
400070
121600
725407
543460
118260
411280
725373
167443
171160
408000
724800
654450
653440
407310
025000
150850
723526
678530
171120
025860
725826
380620
060800
402500
725510
537230
724767
140080
478270
725377
710328
831110
476420
722137
221270
723865
153410
261240
726464
153200
114570
726517
172600
108580
851400
471400
722356
618180
110750
156050
218240
128220
846580
067000
823170
370010
726763
061110
110350
725280
014520
085600
506580
766753
573780
030220
727470
471280
724700
723270
722270
782550
232260
786270
151170
064280
726415
152850
062650
723677
474760
011520
025500
166240
153070
064500
724120
724210
428860
727530
040630
014150
710735
508540
085240
474830
510870
718830
122300
151130
387130
723100
724175
156420
624200
725015
727686
702615
478440
080250
470700
766850
852230
170575
510760
234260
114380
766870
151200
683680
727640
106400
154060
605110
672150
270830
012880
722588
403570
152040
718080
166480
637100
110150
128600
350670
072070
160360
064324
726667
710435
722520
717050
266210
645650
871620
170240
107340
123600
407830
013670
081300
724508
076320
370180
123300
070100
076450
276480
874180
125700
712625
722747
336580
061040
726430
412560
722040
726183
722420
835253
064560
403600
012710
470370
766013
718770
386180
282160
723754
037260
083830
283830
722340
032400
686680
360210
478820
726450
360220
477270
285410
837210
725036
263140
722315
727455
725155
763730
476600
014060
768056
031540
025840
716340
407230
166500
725560
723265
284110
723446
150880
572450
726465
875480
111380
431100
723815
313480
271130
022260
718173
144450
723120
450110
071460
121150
703500
403730
863150
155620
655570
312630
722210
476240
722555
583140
072010
471270
725260
070030
042210
477640
543424
726556
812510
067830
718275
301170
107550
836810
724765
722885
646650
726835
314780
723528
348580
154750
534800
287220
014280
724503
417800
722446
865800
407380
071250
712630
011620
336630
723570
726440
575160
717160
724236
573480
725705
474230
032433
606110
645560
076350
062420
035210
726883
476100
703860
084300
563570
726387
060600
725317
767500
230320
725316
011540
716280
033340
717380
014550
724105
548430
060660
228540
151180
081400
642100
514310
723048
478550
578450
082150
574760
718520
471340
072800
476620
716230
725450
