540260
703626
113180
725755
082020
562870
725560
727680
852450
270510
785510
471040
722256
722081
028230
333012
701045
862100
720268
582030
166320
581020
076450
703835
418830
151700
870221
070370
155280
471025
302520
476420
321650
724250
276070
010460
726776
727474
442250
575160
066040
354260
725128
020440
247260
085520
237340
076600
485510
402550
101470
037610
725461
014320
021740
604210
722146
724674
234050
726464
060660
800840
786470
103140
682640
724007
724845
433530
014000
382200
106070
723754
862400
724760
725107
654420
011070
623570
606400
722687
081300
145370
408350
574610
403730
702735
726574
722210
307580
725475
025460
014240
862183
162420
653870
450110
607200
102000
042605
135830
124240
722270
722400
725300
702675
725340
722223
288250
023380
012410
471010
722177
124550
476870
631700
723565
164800
488230
865750
727454
485670
605360
720160
726876
407630
012740
113020
072030
726145
152470
471000
076500
387500
443860
484560
228670
478180
710356
226410
376210
026220
114140
513340
287110
607403
103430
724050
865860
722323
400720
845150
025670
600340
162040
587540
351210
726881
616000
688140
073160
722735
785263
835520
723144
076030
144620
780730
702600
032570
406235
488380
042050
723564
028010
727840
724347
623870
725105
702650
724800
063100
725104
727730
011025
722543
726561
388060
286420
720288
383880
725204
724680
724177
724666
838270
720258
478580
722650
862550
582510
480600
470460
702750
280640
601270
317350
156130
025635
860650
150150
722680
042720
722555
722267
718050
272710
726465
014843
723528
100001
722648
722208
013110
066310
718130
427540
270830
535640
726364
604680
031160
237010
360610
653550
720277
722332
725760
863300
636610
072553
368210
471680
677750
483850
873470
723246
253780
287480
723200
566840
723710
557730
725085
318010
067440
710358
726466
121051
720316
478440
725185
725347
407300
701730
723540
722033
711080
722213
861850
725254
722137
021470
722051
725036
021810
760754
478230
484210
407822
724287
726456
232260
384031
071560
040180
066100
726830
031360
081810
284280
636410
470580
031350
723555
747685
427010
010080
026040
722107
080840
865300
085750
014740
150230
722363
470250
123260
114640
384573
767383
722016
726160
724838
160720
715130
703710
171600
384130
607350
725628
725745
724665
725384
275185
583620
724508
470312
724285
331240
135770
722241
360380
010231
372120
722247
284810
306730
725235
727434
411280
727466
162610
720266
724340
402720
128510
037160
077610
544230
722448
726116
722554
722123
874180
548360
146480
330380
031400
012820
710020
724026
156270
117820
062670
872700
117100
267740
727720
578660
722175
433210
543370
720261
762530
726163
237240
723174
724620
787050
061040
010520
010882
471034
542360
722015
144310
401762
143700
727826
388860
834240
786270
263460
031380
486022
710735
810020
726770
134570
037760
717160
021240
505270
471200
022610
722537
471100
234710
722637
862480
726413
155110
700634
355320
037150
010010
722810
783270
133630
112410
722127
475420
747400
060240
766440
072170
011210
113700
080270
144420
726400
365350
723723
537720
725205
601050
035770
682400
146500
745048
035413
685720
702670
