081710
578660
427060
012273
474240
072080
723783
506320
722175
727467
417250
787110
061230
722636
474040
128120
607340
724030
161380
232210
725287
228450
546180
478050
077610
101560
636820
718443
723084
281160
723183
470312
321500
160210
722524
170560
726883
726115
636540
072880
871620
162300
747770
744865
431280
682677
720388
067450
601060
702670
725846
478210
111650
476040
725280
227680
600150
720356
121310
720202
032040
725200
682670
483250
156270
377350
315870
025460
767410
476720
401550
763503
388800
577450
812020
780620
726553
470200
874180
085680
681100
163600
308440
384130
605360
621200
335620
724140
033340
262270
284110
724515
333250
026640
722125
012310
101720
406514
724067
744658
033460
477650
724455
767433
724828
603400
100380
111500
725440
722253
747686
401000
024520
023210
570830
852070
383530
024530
745056
070200
586600
286880
683620
480710
720371
333010
725640
678770
424520
040480
287560
720288
028360
577310
037243
634030
488480
402700
712643
423480
282140
724660
710360
155010
723555
722310
034140
151500
720344
702685
602850
765560
724838
725063
542180
724860
261440
747810
801120
722785
637140
241250
330001
723446
421650
470680
443580
172005
162440
586330
123760
726777
876400
871660
716280
108370
376210
162350
410360
823610
720254
727676
351080
614420
726440
085370
723700
071500
570360
685240
123260
125560
073160
720373
348240
724070
070400
060410
042020
073060
727826
716180
645700
685120
833620
767370
724880
285220
348580
163160
024350
646000
745046
702627
471280
703500
745700
725513
170600
153600
251730
370008
382640
013110
407630
872700
031760
726660
740001
725327
306350
620550
726626
062080
636610
032810
802100
783334
723250
862550
720257
764235
012410
671520
722243
484550
722101
787620
727846
167420
062060
022360
873110
720382
307810
256770
108270
488660
725256
702000
722363
066050
724475
283670
835520
160080
020800
314740
722057
154700
725566
024080
764056
787340
488030
478120
268820
722114
725104
724175
144420
043600
853640
267810
601560
488550
784865
702310
535020
702648
725610
387250
026510
408000
022420
723160
012620
261670
724240
072553
042500
111700
676650
722340
024820
028230
304330
024880
725347
724110
722245
718830
063440
157260
700637
723230
381415
062100
744864
066160
804070
582030
106330
261280
725468
422600
722154
846280
710435
306500
011150
348610
720316
724060
070550
711400
030630
076310
682420
722448
725366
700260
722446
742077
237340
310540
360340
724810
725016
720343
718760
273550
723020
027550
763050
766127
161340
077530
261340
726410
076320
474830
020640
156000
282400
725220
478030
825670
116030
716010
285860
121420
760754
333170
246410
726502
724556
501360
723760
080840
723626
862340
745057
488400
725430
576330
841170
073625
836726
837210
722106
653610
113020
385650
355320
471350
035220
574610
076020
067620
725624
076470
762530
562570
722031
470080
600350
266530
131740
723816
701730
025105
720265
012100
471550
507880
417560
311370
686240
722436
111750
602520
722338
722024
125750
871780
725305
106370
564440
325400
722561
484210
722405
604440
014520
402650
261150
702600
718510
716100
722173
637560
703260
723346
510870
250510
113430
407620
725486
311680
101260
723418
722112
723145
470050
145370
726508
401530
726468
727474
287854
471410
140260
420710
443170
722822
726835
870070
726516
070150
724057
