474200
110300
566710
308110
471360
727686
071180
284810
722044
483150
388060
726775
287110
724020
702312
283820
703835
166820
155500
401760
307810
725204
128820
832080
483300
654750
724860
080840
108570
037400
117100
113850
760053
682340
722024
587150
471260
121850
535430
607320
317250
484180
475120
786630
303720
037840
725086
133630
724040
724560
717330
853450
162610
876450
783334
403770
723105
603400
442310
471820
372280
801120
167420
135770
403620
723405
470080
477270
725460
133670
164050
723075
254280
601560
720021
488630
724580
102000
276120
064560
336140
232202
024600
530830
823170
724243
010880
106162
724125
236250
724838
013720
744665
723435
234260
013840
702720
723535
474210
717160
471610
723270
471060
476400
071650
744656
718425
538450
722630
400450
726603
503530
121330
407801
248170
072830
476070
306830
744661
276480
727504
672230
013680
720286
645510
722010
746716
032400
030630
076303
111700
122120
835660
266330
575840
725453
024150
723417
478520
416240
683000
355320
718820
725483
061100
166220
724620
724100
528660
040770
010100
172400
388380
724388
723434
082350
835870
716030
106330
726776
246880
471650
071340
727855
840710
607700
084330
038570
261160
167100
726564
476610
133480
156140
070280
117820
307580
722104
764055
722038
711300
876480
701333
141050
717050
032380
726810
725035
724286
476350
725316
725621
013740
264060
722543
506320
576330
160360
602300
125200
471310
251730
107275
725200
035350
645100
162160
724080
722555
762530
702675
060410
037683
286660
726575
383340
722427
722356
014843
360610
717173
722516
082380
270370
070340
125800
476780
722121
022310
726410
260380
010014
726170
685700
260630
711820
040380
722350
723564
163000
747187
726440
725187
725107
135850
063400
725846
060740
171150
072650
122260
161680
062510
040850
688420
484260
873740
527870
232260
651340
381414
723174
727676
333450
603510
037160
718770
702220
476410
012780
442160
600330
407802
121050
678610
747188
765250
681120
852230
724386
261440
725864
167460
724515
726764
083480
352170
724058
725763
368210
725214
085300
014270
726550
861700
366860
024180
134811
261340
146520
723820
262420
123750
726553
043200
037720
722015
171400
307410
104260
538630
683200
407570
114060
206670
852440
722208
124880
481100
724288
471460
076750
066700
745700
724700
476570
477160
131160
476000
725636
710774
021280
722324
486200
853640
432840
112320
725556
153500
688140
128600
722400
766340
277070
130140
533360
131800
725440
545110
722157
022300
747810
162800
720120
722527
760753
042022
723156
076220
718450
725247
037680
061040
477300
710513
348240
443140
061200
725113
471300
071470
726565
723400
476740
723235
722510
747685
726650
134624
076300
143015
724458
727440
504340
370310
672730
605550
171120
471025
077470
317130
723183
471205
010230
574760
480600
014820
607480
105000
080270
064470
724330
114870
485170
677810
726415
545340
241430
442150
547760
260460
304050
787740
224380
475200
255520
122700
718720
618180
025420
421010
720275
720277
477070
072570
614610
285520
434500
542730
720343
645500
726883
724050
170840
780620
334660
572370
724373
786311
122800
066120
443380
606805
850330
727750
010030
604150
710735
027550
575160
476880
875710
170860
028450
260381
605140
416300
112130
025260
162520
727840
126250
025200
604450
384130
604050
703860
025400
546020
471080
062100
711400
727575
111480
702350
605060
010330
026200
028360
066811
