725170
605360
365350
765710
722065
878600
507880
471260
532310
725645
717173
226210
037680
637020
171240
036580
123850
614150
150000
505480
803420
470370
070100
164000
236250
474740
745046
542360
037663
726507
600400
724655
407620
417000
713710
266200
703860
026720
026040
725305
716230
763420
407000
387130
637560
680180
574110
070020
306730
273730
508440
716100
725030
442650
024100
524360
030210
602850
306640
515420
724515
722427
360610
014280
170240
722106
725207
200870
261148
725625
723320
085340
605150
284510
727825
725434
483850
121250
071680
407830
080140
306500
318250
132740
724504
161050
726580
483830
787140
725114
125100
605060
712625
142560
725346
570710
722034
724165
607100
671130
082720
070570
403730
412880
151080
085400
724050
747880
085150
725068
564440
724170
724276
116830
637170
442310
724375
470310
601150
725315
076300
151430
153370
488480
865000
725376
071000
540270
702755
072470
814050
476880
576020
711410
701780
724175
726770
725461
072400
480370
575160
722448
723068
103680
142350
152300
104010
536460
723340
723048
722484
246710
484070
122260
710336
272710
266210
080250
470460
702310
722410
076070
385450
265150
722406
476430
764235
534800
724450
035020
477660
407630
824440
583670
012380
102380
724110
723150
722543
725116
636580
702600
507740
725350
313480
111800
876410
724885
085750
723788
471040
103140
262330
082350
317540
723306
470680
021280
163500
682620
865823
722235
722570
670200
152120
542730
724456
024600
036333
442120
480040
142340
010030
512430
787620
317250
722345
785430
542260
125200
133780
607720
717350
726660
711060
066160
605310
475880
034620
722533
105000
727855
646000
073600
477400
243430
011510
034530
722315
722223
742070
711300
677650
470050
382640
013200
483300
567480
723816
025260
688420
722576
723484
308460
354060
543460
064320
722137
225630
716278
681120
726558
161530
784600
726418
125850
726540
722583
717180
011520
035413
442130
875480
723544
111260
140070
506320
480620
154210
308110
541350
470580
151360
023660
470670
071480
101420
330080
022860
653440
160640
716280
142460
724765
122100
407410
111300
030170
085620
076600
725377
377350
710345
353760
116480
025120
727670
010280
412400
245070
577660
835520
722780
852830
682670
713130
587150
723106
073150
227780
678670
722045
161580
723510
580270
081300
712060
106870
157300
014240
722610
151070
131740
338370
725155
034185
722725
021040
224460
133670
723104
566510
104710
082230
726625
804160
623570
723110
718840
646620
237010
724125
846580
727830
722500
122350
603380
361520
722314
516440
544360
011100
644050
726835
722037
724845
645010
703610
684420
606020
723676
854060
533360
477640
471460
031200
723087
121500
026200
717255
470650
304550
701045
067200
722524
135830
787625
264460
471150
076020
142360
114640
801120
135850
030220
725620
081810
703406
064760
722067
878520
171150
033340
318320
584370
726547
717170
726577
403560
471000
727455
718780
655030
725670
680240
484250
234120
634020
034080
865650
132850
268630
702647
618320
711200
623660
370850
100180
727415
724273
011610
570060
538450
488660
333250
106130
853650
110350
586600
578320
877650
033160
067700
480250
235270
727507
106770
272250
722435
228200
042300
400720
476600
200460
156130
477870
124150
102810
012620
122050
321650
768430
517160
725335
080550
726665
760053
408180
144310
