031050
042023
020240
031340
067600
875060
122250
725450
747760
072550
167430
764020
471150
106163
154200
443020
475700
426470
483031
024150
156000
725360
060600
071300
311680
723270
718230
033300
386130
722160
161150
108270
261240
014033
722637
012230
262140
112410
012780
073540
123000
026360
725384
725246
767502
620020
033480
043200
408750
266530
010550
726440
724674
722080
725088
718500
863500
722174
723537
727476
351880
476350
131825
417640
471270
762863
355320
027620
873280
718050
103210
071460
038170
162440
485800
722151
651000
727533
862330
720306
578660
165310
483280
170840
261150
722537
162600
847820
042500
723570
072650
233830
337110
724127
725107
717060
725066
722065
720382
247240
624400
580400
033464
763230
703055
784820
407804
165220
724723
121050
253780
375140
764120
723564
727645
036283
720342
025650
374720
166220
727475
161810
040770
141220
111480
360340
710633
717250
145440
330004
314740
024283
284340
715340
650030
506580
616410
014000
423480
408410
417180
408780
477040
725075
722554
725717
075020
722173
724235
718740
400220
160610
720413
061800
381415
726116
854420
063440
726555
724504
725315
722316
828610
142560
172410
010260
073850
383285
644500
532310
483730
343630
724458
026230
723434
025620
032240
718275
013755
725456
372280
725224
417000
862550
650460
702685
744104
155010
726817
031634
726562
723654
162240
720406
360610
722061
386155
727680
475200
746716
722113
062100
063480
722060
427056
034820
287220
268820
122120
035220
450070
722508
026220
726225
814050
722823
163100
718436
143240
108570
727857
385650
722324
150200
020810
723655
311230
865860
747187
408351
022600
645010
655600
115670
722860
725414
725337
432330
653550
727467
288250
286420
726468
486200
544230
723628
607480
010883
724165
314180
548080
581020
782240
483560
024180
726504
121380
703051
722886
175400
718550
476180
061700
604020
722615
106180
416240
723520
846280
722885
726502
033450
476741
763615
134620
405500
484250
722341
236060
014360
308020
644580
652150
575160
081480
403415
061180
722056
862180
727415
117660
722177
075100
507740
422600
173000
037430
024580
483030
725805
722252
038400
605630
488630
385110
118670
161680
726437
143080
071000
170700
162700
722368
853150
720160
637170
037160
122100
424750
431100
723604
722366
166430
724280
111350
648700
151080
744661
033540
720361
254000
722618
022861
070020
827641
028620
200460
744665
483240
478840
507450
014030
836710
478530
703061
723085
724058
720346
724650
723030
361770
800010
064000
161530
162580
478130
407120
560800
584720
661600
068065
477270
722171
081400
723575
442570
724375
164800
478230
651010
507880
671370
248560
782623
026720
722248
725330
727477
636410
727454
262330
634600
474330
583450
142580
101460
400160
722137
875820
536460
724640
722470
020310
720542
388800
368215
150230
654570
722317
172006
722203
433710
132850
128430
162450
747040
124240
022870
026800
110210
726083
476020
860680
722200
470370
727530
851400
725063
726650
105000
164340
703080
702650
333170
103340
724676
722141
722185
562570
722140
237110
163240
877650
727444
332610
710358
725660
586330
040850
118550
443470
341860
247260
114640
