480600
118580
036280
471240
474050
722555
727434
262310
082350
480100
856820
780730
844550
443860
024350
702755
153640
858340
724680
725118
476860
724288
725845
303850
725763
385070
408350
725027
325830
712030
011520
287110
727556
854880
110360
076750
071100
042720
411840
607450
408820
060740
262260
351730
407180
723755
617010
717060
710660
480780
150470
470280
607340
725825
040640
726505
154280
723284
851540
071570
477430
560040
061230
085360
404000
865860
716300
722300
726876
100370
030060
386160
154020
724220
874480
170820
014740
030660
725745
221060
431280
655050
150630
151200
031710
336580
386870
618560
804350
601410
710780
108560
636240
320270
724885
727686
156400
152610
645700
726387
163100
585560
710356
306350
071460
677810
572370
270830
037460
060800
725805
604810
725114
125560
474170
722678
727347
337110
477870
762430
287860
727840
703835
471070
131600
541610
025740
876480
722106
723030
623180
542730
071340
013600
105000
727437
847200
852830
476550
066500
113020
471610
077610
722358
483310
636870
338150
653300
644020
060700
703710
264060
025103
477740
404380
718250
028070
723424
702745
082230
401800
725327
725025
146500
700260
107550
162450
725247
726370
724105
413160
852450
164600
488030
030460
766534
764580
161100
442720
837220
678770
480420
576550
442320
014060
726436
383430
584240
076270
722245
710347
424750
620560
064650
723120
767410
151820
085120
787340
863700
568380
802100
575540
871660
865000
153010
723075
726417
024640
013470
268630
402720
172180
703604
080530
484560
718270
070280
477150
317540
350370
471550
085110
726563
267630
040630
160210
726818
145540
725775
533360
844520
400610
783550
014670
442250
724756
075100
858360
071800
285370
471100
760013
076670
218020
724120
717160
727444
388360
722686
724725
722156
034080
785470
478220
763420
014820
786270
222820
105536
066010
360580
014480
030570
351880
014843
021470
128250
861700
474070
282160
228540
315340
261150
745310
153480
104360
578450
725240
727120
035260
162580
718080
478560
644030
076460
318250
073625
433330
747810
722050
286210
012410
601850
166430
612850
110200
172700
026360
112520
387440
722065
476370
723034
767370
471085
343000
623870
726502
108530
427240
723085
723630
167260
726564
577130
431100
012880
471050
072600
071810
742300
722185
727470
762580
727760
637170
114480
353760
605500
620100
106140
878030
038760
425710
471000
722500
722484
160200
032240
430630
724125
172440
156010
676650
725636
723528
605310
075520
725216
768450
156000
072300
471140
306830
033550
064580
723520
152600
013040
020380
275155
865823
722038
070030
703886
724106
321210
025200
261280
143230
166480
255630
726540
722420
702750
372280
123360
042200
486470
080230
711040
655600
108370
423140
040820
312530
727535
726444
782550
744661
346010
232560
702315
726360
546620
637020
020240
724386
470080
037155
724250
870460
031760
844250
010100
726815
577310
150830
763050
725200
032643
034530
718710
066330
110280
855740
153280
711210
415710
823170
338370
307810
710513
150440
726130
080850
122260
471400
151070
724040
747540
718310
085700
104710
111200
154750
722140
726660
865800
285410
431850
127720
722267
155300
172100
724140
111560
121280
711030
023680
726580
587540
726710
725187
442150
126500
470600
722788
167460
022650
126600
645000
725235
162340
172370
582650
476100
071250
567860
245070
722057
683280
356710
672370
037680
727576
272710
154650
722246
128220
431170
424100
703810
601350
713710
122300
724453
117870
725416
443020
478810
307310
042020
837030
284650
412170
144620
030770
483750
607650
476170
