722210
471540
022070
722180
871620
407660
726666
167340
253560
682620
284280
170220
842355
725130
782550
388620
040300
548630
718160
476000
237110
386270
370470
164220
587310
345550
484316
672150
857820
313310
163100
873110
585060
787620
036440
274850
104540
021630
238430
404480
471040
162700
636800
474760
234710
155440
576820
111850
723545
653440
037630
010610
728800
607350
353310
375560
318510
353020
784850
344220
280870
546230
728180
725067
081410
071570
542260
264770
726416
085570
727720
171840
276480
105180
163120
227210
726120
022620
124350
766421
014880
535430
268780
283240
152005
722166
372670
878600
021610
601350
722077
727555
341160
701620
768050
062420
726225
726430
032635
265850
722175
033540
382840
064785
723060
783660
236620
786150
031350
515260
010620
228160
011830
066300
258080
728810
726810
164100
246780
724280
221400
073540
855430
268630
170260
724800
655220
033440
348240
745165
852300
345350
646000
081400
467620
647530
655360
083060
173500
722520
653800
607650
467480
035773
471400
107640
264160
351730
317020
725340
281430
064510
310860
547760
345240
235310
335870
470410
617010
727060
724125
330880
513650
724105
350260
648700
570830
855740
106880
725170
723126
375310
747188
725770
385530
286330
485670
766655
101220
727576
106850
062600
155500
511860
850410
037815
260460
577130
370540
306180
484778
313480
073740
263480
747686
406720
727857
038060
573780
722135
233110
036580
312860
322520
517050
703865
038830
724838
724240
133840
476750
725705
541150
727000
378740
855610
207660
240710
407180
726355
763820
725116
638660
620100
701160
586660
725556
335110
038170
636580
746716
725040
725316
156350
701740
670830
681740
845010
726830
404300
268550
274020
471260
722415
646610
474410
370010
316550
605300
483576
306670
325470
318250
030260
315620
474170
726815
250520
306510
135780
728241
475160
042200
287560
726050
543420
724556
426340
132140
246060
722010
507450
642010
080860
222040
034140
725080
723446
304050
800280
514630
021050
322270
012350
874670
023330
271080
302530
723445
203880
722576
433210
163000
703330
161480
476430
221650
237340
728240
080760
336210
247530
347270
417120
387250
467340
085680
155050
724067
865800
582080
726248
233220
028750
375150
741260
428860
374730
722310
076470
106260
036530
516440
687120
351330
727260
728340
442420
132440
724630
123600
727415
471105
030050
484560
724010
407320
161380
082380
368460
307720
726387
723408
108370
021510
575540
740530
725066
578160
020740
165460
724237
872110
728710
488550
062200
727845
103380
372120
433530
107120
332870
723865
512880
306880
062800
038550
527650
722286
740450
062650
021110
255610
253350
474060
722880
333470
336470
288380
221130
388860
420710
726525
317070
303370
722560
042180
846865
364210
028480
325320
833680
237740
617660
337450
284650
330080
217280
871550
155560
036881
284810
228230
747804
162000
728680
584240
028070
367610
084100
014740
061200
787240
726350
401100
583670
634500
636610
740770
728780
782240
010080
036120
238520
307670
722167
467400
278720
103280
726675
233160
725260
123450
103820
246610
726776
038860
315380
105420
280660
812500
512320
467700
333760
151080
130210
375250
442371
241050
381780
536460
347850
275320
021010
728640
702640
108450
488660
021160
336340
122720
237140
080750
228370
616410
851400
228050
080270
236250
475530
038530
235580
702735
160440
342140
021520
031210
423280
646050
043800
724836
100460
347200
837550
804100
477770
313710
344760
875850
741080
277310
787300
860860
477270
741250
122050
726076
561730
877500
313840
338460
861350
683680
360780
316470
248170
380080
245880
011020
384660
245610
574760
014280
725115
162430
488230
865000
426750
122000
245250
547140
724760
034000
373160
576220
262380
283330
607100
683000
741410
537380
488200
724580
103060
724100
812250
223550
476010
433330
316610
877630
022300
247680
350420
082840
726227
283210
218340
388040
243380
724720
515730
283440
061520
230770
612570
156370
038270
723140
152350
101260
387440
727340
702000
077200
415330
588260
724461
740700
030520
368810
071500
726585
215350
470160
021020
268530
307660
616660
423140
600300
875480
377400
307100
257770
085380
726250
130670
388350
726110
727445
021480
124000
038850
102620
311020
483150
604750
741220
528420
085450
242750
220030
485680
727410
700450
032400
832200
308740
747750
085150
745060
485515
786270
346250
107715
063850
130080
023250
858200
348800
082320
315110
103050
038650
372780
476630
485800
248710
023050
812510
323330
112140
471460
727530
726066
340130
275020
218530
727145
846580
836710
257030
321500
723106
156450
021230
478810
083480
264140
544830
725510
250620
360200
726626
032440
033880
357560
132240
101270
010330
744860
313000
578530
727570
587250
725045
578320
075350
244880
726188
108050
722410
154700
133480
361030
483770
288670
060710
874480
342310
245570
262310
122850
505640
263130
034705
030660
155140
481030
840450
725350
156010
704540
547360
022160
372280
107280
105100
508540
226410
204710
110280
243430
163240
375530
073140
320880
282750
401530
266070
858310
582380
040770
851140
408560
416600
703710
037750
467460
261150
038660
258210
722687
726260
722635
107050
245850
581380
572370
347040
407360
246430
307260
346550
042350
150800
221140
257050
107340
511560
155010
725065
874160
308750
380020
200660
682440
647500
038670
371750
331730
728750
012740
727125
063300
320570
401020
376020
586470
727455
378640
323630
315210
081605
026540
061500
230210
108365
307450
876450
722680
037760
363580
822880
224030
170500
312530
620530
234630
484260
723650
724210
563850
021300
747186
265660
134810
265510
725526
623180
238150
543770
082210
572320
475670
317350
561440
014240
064280
644600
727450
582210
728450
724275
722700
726835
470030
723345
442660
220370
722688
378660
722050
308370
605710
022280
238230
317040
152600
516330
166670
128120
250340
407060
037450
618810
382320
254560
111500
343210
060210
063000
703675
725680
261880
470550
725150
206670
108580
837680
070610
377350
723040
345450
264460
804280
870780
084580
514670
876420
224520
131500
477780
370180
247710
075600
383340
020700
741140
725628
587150
227680
476180
725755
266450
767370
480330
375140
287110
338480
581500
101310
722260
467580
478600
107610
270080
304550
234160
370260
788620
726465
220040
700260
021880
358220
021470
121600
404770
030600
224460
063250
070240
483000
724048
471120
804270
875680
474260
475150
727170
246560
785830
476880
111460
061570
011150
217110
307310
103340
722358
766470
314180
536020
741480
724250
724027
313110
653870
124650
783480
427370
080530
308440
726357
333770
541610
725787
728080
273550
331350
100340
064560
725555
874800
061070
164800
557730
370660
377470
725785
162210
267110
101200
307510
014420
722025
353630
726035
110220
082860
517160
101280
043380
030380
381410
725740
235270
021260
156250
041650
314320
322170
256080
036240
104600
341520
337540
722587
343120
155380
105440
852450
118650
010100
345600
262640
471330
723540
475740
701040
603180
084870
728730
070020
477650
570670
783330
766011
784600
228060
108640
265310
108600
160800
264360
262150
703816
104100
071330
346350
340720
280260
722227
834240
728510
160660
071030
114060
364280
134650
483250
111570
310050
104060
783250
540120
062250
567860
382070
386150
370040
477870
343630
727735
214320
107270
766400
247630
070570
387050
472025
107630
601150
376610
422600
724851
702616
333560
243710
768430
572650
166410
161050
153400
726261
315270
765411
442770
723656
064630
360450
703620
012100
111050
042600
104010
874180
725715
285610
602300
870160
064000
606070
064760
726145
234310
853640
724220
267640
155350
253720
722140
310870
301270
011600
478540
443140
348250
726440
703610
104880
315660
387740
725625
537540
483530
483540
475750
802220
073820
612770
827640
431810
160080
268320
484300
722068
085710
248130
117870
603550
728560
583210
838400
167160
133820
270830
701780
208560
722585
570340
125770
220280
100070
725540
765752
471385
154210
607250
644500
036110
151700
014480
100350
272520
105445
722250
840510
226210
702670
303560
484320
483030
703500
042300
071470
723120
100020
277870
471110
343020
170610
646500
012230
727680
722345
356870
725720
021660
443170
724235
546160
366220
852230
074700
743680
724375
860110
228670
374830
072220
330410
157250
388150
688580
267480
314780
166430
726540
283340
217210
600600
308060
151200
363070
726886
314160
036460
724506
318320
416720
843770
318660
724626
726200
804500
312350
336860
308220
434500
128430
723527
467430
400160
224080
114570
478420
368210
766800
367860
725180
578660
722735
066800
014270
645650
361260
724175
723555
623660
871780
257150
645010
858640
100040
172000
743681
107552
724080
537720
471610
126250
376860
320760
722675
273310
701210
722505
311680
061470
724230
070150
101850
238040
722200
722086
725630
724507
747685
623680
727572
846860
067620
275770
261410
876230
442301
728150
727250
228870
618330
722075
702750
727685
723671
033180
427340
238620
344320
483575
385450
724456
722080
083140
488630
176010
286210
013110
374750
800440
222050
876880
724880
200460
278230
204760
342710
162060
378500
722040
786410
160210
072570
637140
475810
034180
543370
261570
726280
804230
038800
261610
076070
571430
480620
312850
276270
873220
726020
237040
031330
236280
103140
354260
406800
105130
800620
348380
725330
723047
783170
702120
012410
507880
723721
724076
471100
156220
723235
341220
238070
033730
484210
368740
251730
727577
321330
164050
723407
728070
283660
320610
476810
310830
063500
503530
610520
161150
728410
726760
510530
726580
162160
060520
728020
037780
021620
655100
740740
280760
247250
117350
484267
821080
871270
074810
350370
301360
471030
157340
388380
156420
728830
167100
741110
233650
021250
483750
722550
723030
320120
261340
374610
128820
603200
266660
226570
247240
125700
803080
074420
725377
156150
403620
071000
845640
102530
724120
272710
725627
671170
082310
301170
386470
344610
726315
375630
071860
363350
725266
655280
072010
135860
851540
304610
234840
728860
765480
367780
405640
484006
600200
725200
875820
428670
075770
722487
342540
741405
081820
336580
672830
858360
723066
270510
306350
784670
107380
031540
747880
028360
844520
506580
155110
401050
408750
161340
283830
784780
478840
484000
156280
722275
722116
076600
560800
131050
722785
874050
032820
404160
031000
607500
702770
300140
700866
583430
474180
785350
700636
035280
118410
164700
588340
162600
725210
476020
308120
284340
376030
400800
267630
014330
725300
574580
570230
314430
711230
231040
584720
586260
127720
722540
723340
726370
725370
013720
040820
247660
335160
787050
484160
171150
106270
156400
862330
723015
530680
151450
234120
022040
726870
726480
655550
584070
106350
320100
282140
023370
025230
377440
346440
536150
803360
725470
601050
372350
318830
305650
477860
568380
106335
471206
031520
100050
156460
267370
307770
386180
533360
121000
760051
324110
703625
074600
257440
320040
787410
257670
723155
085030
725380
484005
875740
042720
172600
600350
043500
042310
173000
875760
723830
442400
332680
082130
580270
287220
742070
366650
380510
766547
467720
165500
741270
161160
726405
723067
306640
726330
035831
228450
154800
311230
723677
644560
288060
727255
082720
345370
080110
724270
728360
070700
326180
722267
783500
450070
726380
064650
352870
685880
104020
133630
166480
286730
514310
366860
741040
521180
726341
722035
471680
373800
725765
083350
340030
314420
443021
030500
100670
855000
513340
102030
703870
728480
354060
767430
302460
423480
877150
406480
173505
020760
722665
726180
722070
838180
725061
417560
032620
031310
071300
846280
012220
371710
358840
315280
305360
726761
155620
073000
385510
066100
513300
704140
477720
725156
575840
231140
345040
038580
725480
082240
722051
855860
514370
467530
155460
727840
484800
022550
166510
248260
306730
724380
450050
541570
607200
011030
286880
727575
600100
803420
022020
605350
028230
266570
726545
155260
742000
408310
834370
724620
154600
823320
484565
467640
220140
375750
060410
724060
870460
785430
124150
741000
766131
355760
374370
313880
224380
701170
483510
727375
507270
061800
284400
844250
586650
767500
252820
350530
855600
837160
011650
727020
374810
216110
442652
201860
035571
268460
726385
476480
726036
645600
037610
620560
351070
546560
488300
723415
020680
074860
122100
803370
728120
255380
105140
010050
338330
740500
842260
850430
107230
802520
330010
010470
478080
200340
357460
814050
726058
746715
341720
254000
075580
471820
505270
020550
267130
653300
824180
072550
852830
727730
534780
724810
244770
470580
724505
722400
727675
725760
723400
722660
114480
377530
061100
388710
575830
851520
787080
207440
077850
562570
633320
727330
336050
368170
863600
727120
523780
378440
278570
582510
725520
653610
741130
840070
040630
725775
111120
727300
722057
602200
723815
547530
723100
725645
072700
728840
307120
285880
655570
567680
108520
600330
230580
875340
485640
640050
348450
478030
873740
347430
107710
368850
321580
722447
846770
483300
488030
585310
654180
784860
407120
467560
725485
176000
483780
106405
688420
032080
267450
535020
082230
257070
645070
384440
260450
423610
524460
727440
125200
107760
040050
038880
725750
063800
268870
082800
218130
342470
311730
443132
803610
217330
722866
475850
723750
311580
565860
170300
034620
157360
216470
020570
644030
121150
585560
400070
278530
163500
255260
234230
108660
722557
032810
725335
724386
431570
103200
725500
384030
402500
332310
430030
154200
724047
340470
321160
228540
165220
768450
442031
353610
726400
485510
416750
077470
263350
106160
081750
263500
724336
223340
872860
745160
601560
471380
722266
375350
383670
485000
388750
162340
837780
471840
404270
106265
543740
546620
122150
478820
284370
282330
080210
080150
724756
573280
783600
014840
740720
020880
131220
728105
156140
726187
163200
471220
162450
023430
725246
166270
854880
074750
133670
722420
478570
225410
722230
534630
532310
722656
273330
636300
060370
766130
107240
471530
232070
124850
601600
214050
020820
232050
854320
858320
333250
344070
673230
488840
374170
303170
313460
653760
722020
726340
325400
762580
256480
368700
231210
108530
763501
802030
703410
571060
267280
728040
832080
284110
725515
722350
021410
317860
537400
726275
060470
724370
726586
544050
401650
080420
727827
020870
644520
325860
234720
724885
368770
381110
725565
726170
470200
644010
478400
216360
471050
671310
725870
725185
724400
375060
726085
076270
221050
306270
346150
467350
261160
310880
767750
061600
700860
034700
014030
150100
337610
722517
872220
727140
386110
544230
474210
377560
013170
384130
434000
484306
356630
725025
725240
262330
103170
171000
582650
480250
724286
278480
726456
266340
383170
343730
233240
725125
067000
484600
250420
160360
646010
702510
338830
347720
022430
264250
383380
722045
767410
387550
467300
315610
071400
725865
484250
723110
031400
765430
858620
264030
726240
313180
723655
355420
160365
036280
156270
540270
432840
703260
507560
762582
681040
644000
313250
338620
308240
106180
724338
476580
111010
105540
302300
035621
238080
724660
725716
571810
403100
107220
315320
726546
786250
070380
726487
242310
288860
155330
160330
727535
116480
726310
106710
238120
722270
013600
221230
225630
725847
124240
470650
306060
722316
728620
763615
166820
727645
725525
671430
286610
560330
320360
477350
012880
262750
726247
344450
552280
064080
267020
283520
488100
728700
484505
747810
351180
154500
400010
334660
542360
260340
727345
364420
020750
670040
442310
382150
655480
722445
260870
570770
133560
160760
725360
038300
280440
677750
471520
726245
037030
172480
161180
764055
076500
646580
126600
645500
725126
386340
072300
033020
566710
118160
726450
725845
724560
536140
723230
270660
103210
574610
014360
385270
726300
277600
724676
723786
013840
285020
442640
727855
723440
162420
722626
023340
388360
488676
273470
314820
022420
725835
246440
725038
747020
854705
305140
671610
871200
162800
020840
013741
107370
724645
085060
725250
726030
258220
283670
477400
645520
373850
741850
318780
723565
082270
105020
860170
042100
726010
475870
265150
862180
761610
033380
021150
020770
723625
336640
100450
128220
723347
070170
406860
726520
722577
082150
480640
370310
442752
282440
320530
804380
810020
108360
728460
480180
342400
722255
477550
852010
317660
506030
343360
247180
724770
728050
724320
281720
287480
157300
726060
122300
222170
010780
542730
574470
286550
642060
605500
587540
011610
106140
725635
110180
443250
307270
237880
386060
527870
723240
288250
408480
853150
814010
722630
726765
584770
258580
803700
723170
038140
478440
124050
105460
012120
242660
020580
723630
306860
856080
477160
783880
801100
787110
160150
106750
021670
443540
281650
728160
281380
764235
618180
121350
722228
285060
574510
021330
104380
231120
576020
334870
342620
233450
286620
711200
725101
233050
248580
248560
387630
300740
646540
573060
020800
161200
406760
724127
724466
110350
646620
300280
575150
075870
230780
132420
727670
653350
032660
252060
560750
232150
723401
671570
505570
726040
700630
526520
443362
014700
321650
584370
586330
134730
036040
684420
217010
277030
370850
336310
014150
700867
376510
725800
741450
724640
035580
222710
582030
248070
153730
317050
726160
835880
727856
111720
703850
202740
105320
724106
431100
104740
371160
314210
724450
833480
726660
766320
474010
703810
726435
476120
154810
062000
170560
324080
804130
768300
316510
234450
434730
588470
157410
102700
722110
166130
227780
560340
221450
255510
724721
725037
237450
547050
013060
081170
028650
722725
477460
170740
722780
132720
501360
264350
335710
542180
356710
383430
764580
075100
335770
011410
343040
268340
586080
064810
255030
335860
152470
123100
020850
488870
727350
317540
104520
085430
034820
576620
723150
725305
170240
277070
376180
534870
653060
571270
084510
728520
303720
310540
606300
538450
388060
727010
488380
032040
133520
476420
783130
526740
838440
546020
722786
684060
722685
434180
760011
827230
684080
584020
270370
071100
544710
122500
584450
324770
574260
233310
376730
573850
101130
763825
161700
124550
225550
360640
725867
062750
156550
837410
155561
332610
226760
837220
128050
584640
165600
877840
102340
725776
162610
470350
030020
725317
035860
467550
722572
354300
370140
305260
262260
766440
322850
308430
108560
317130
588460
874500
602100
727830
471180
728110
232560
406080
722437
277520
864300
560410
384570
723745
724236
780620
334460
304320
028050
037110
723510
102380
307640
372480
315020
014520
726071
115180
116360
228310
081710
128600
475700
645560
010280
101360
401760
537050
722160
107430
218350
722886
333620
722287
383530
728425
106370
800630
740810
135770
221000
028740
442140
382010
123850
355820
563570
844720
276120
155520
475800
020660
747320
638870
637020
510760
723525
722500
321450
230240
723301
783210
285740
802100
261200
724020
344380
035340
064320
264060
724040
728770
728130
360340
222160
308560
282160
347330
741100
272810
336150
443480
315860
723780
725165
307030
306380
502460
601500
837460
266430
225500
723265
081810
723045
222320
477300
672370
723860
308660
856820
010750
273160
012650
083610
847520
343560
724835
561460
360580
314360
601850
315040
360030
084330
583140
578450
386410
702740
311520
102350
074280
351560
220180
076410
380010
315770
155200
824100
388120
702650
631700
725245
038871
638440
726587
384230
033410
228830
741200
516560
284300
728250
872440
036551
031450
314370
063440
724675
026800
233830
722615
522030
722226
467360
474070
125500
741010
670720
724655
234260
072400
037720
062450
741020
161580
162440
524360
434240
335570
724685
725620
783380
317330
238130
442450
281160
570730
442320
035031
080010
544010
310160
267360
351210
333120
480310
722215
255680
276530
841110
840340
167540
471870
646560
105010
302630
360610
722246
654420
480420
303200
253780
511330
331240
353150
344150
285520
840120
576550
407450
726246
725030
238470
287660
134550
476610
476240
354160
724085
131830
203530
545870
802140
111550
223830
480350
060300
362080
826400
231460
575740
031110
171280
723075
648800
851410
741230
307140
723405
560650
347470
728580
258020
021060
726770
021500
022600
222270
726186
308020
476360
616300
442070
306120
362130
071810
404050
578830
830630
305370
845150
858300
471430
726130
101560
443860
213010
163440
030680
548080
351080
338870
537870
336380
125600
316240
612300
478560
483275
280640
722526
725077
314840
228200
722486
740820
160840
413500
442120
066700
601200
110100
727870
515420
484305
724735
471150
103370
722745
176110
352340
286370
471650
443730
307810
504420
365460
226020
222120
787170
032570
723260
726680
786500
700638
023120
234650
282780
722031
725036
334150
335640
727850
602500
702315
340830
071800
725127
548260
812530
727550
102180
264870
313620
266200
070740
764125
282340
475880
400830
064500
100200
247370
070310
125800
338370
172440
722225
488770
725810
725028
476370
862480
725708
125660
107550
021350
724585
725670
014060
132570
014830
428400
741400
262580
722800
670730
081480
618560
061040
702730
036553
723088
022640
725570
471420
725866
878030
162530
233380
548680
637400
702610
337480
724586
724115
467510
726880
164530
262420
011520
722720
724635
741820
825330
810100
125300
727750
723676
545340
170600
724650
382640
723658
315870
310040
875060
074120
828250
323310
541350
163600
247380
765710
107750
476770
585620
702350
012710
724625
242630
725270
371870
873200
724340
421230
336780
111260
787140
861340
312880
021180
875710
478170
331050
100060
265030
724030
575450
787450
877580
238270
161460
071250
332130
221010
400450
228020
684380
324470
315520
873710
406040
722436
741430
084520
080230
833620
257000
535880
380440
722220
072170
321860
725315
724755
854860
100370
382220
037460
573480
620550
442880
037520
317100
485320
070370
171500
076300
404800
471350
762252
653520
042160
740435
303280
702460
702320
471070
727220
722060
478580
850330
337770
645510
725636
727846
224710
104440
224560
308140
246520
033450
357210
012520
725056
076430
728100
488450
728260
331770
836170
577450
170840
345810
360520
028440
028640
254340
788660
431280
510870
560040
471320
353760
311370
080800
347480
284510
723535
233320
407670
102460
726155
013820
726766
362310
471060
443520
478180
724850
728610
263240
605660
318730
722860
261350
235010
161220
382030
742015
723480
032450
103480
083730
371630
126500
376210
723011
346010
726100
038240
724767
256110
703080
723418
574110
161080
655070
376750
722686
467410
318450
427040
577760
072830
375410
842550
235180
063100
301020
548430
727050
702600
385650
766420
012050
401840
371770
727180
471010
822810
118260
315100
858250
653380
740780
443410
117230
724088
788060
741150
644580
032110
037660
251380
347080
346070
375240
265240
581220
480450
333010
726860
570460
320710
122800
722726
123750
171800
723546
478150
033350
621610
787600
741050
348660
722058
726625
248780
325640
031300
368060
727370
576330
346060
368430
475840
110360
728575
724176
562470
032700
648600
357000
725455
150850
073850
483035
722480
108270
508440
484770
201070
726556
586060
070050
488730
134620
722610
538530
330580
035833
306830
020830
346620
383880
315340
117740
121850
306820
740561
167430
387130
430410
241430
206740
722448
725206
726078
162520
727480
103850
337170
722067
337230
524240
724035
114640
306030
724335
416000
723181
085540
356830
347370
467450
726515
306220
260780
780160
722065
358470
702700
587370
223240
787060
722015
028670
108605
803540
872570
672170
765810
080080
381430
383830
723530
022470
306170
484500
356330
011050
725320
100480
222820
387150
106070
112120
402300
335150
724285
266030
285370
251230
722115
265440
723550
258160
135830
703160
308230
223610
570360
342380
741070
160450
580050
338150
725140
722101
020650
014820
085660
723085
031710
703210
020730
156130
260630
471170
100380
010435
607400
043600
600150
101610
725846
471410
123000
874530
476550
317270
858860
274120
536730
021280
321560
652500
266140
031430
644050
747550
728660
131740
064700
722268
375370
231030
225830
155030
877650
723035
307570
033600
725267
578720
406110
083300
386560
525760
035623
067300
800010
702070
221270
488080
334640
076100
216270
315450
478300
332750
872730
020620
607150
161300
101770
336630
030170
476150
728760
725848
477500
367440
725060
370610
725786
022800
401800
165060
722516
484030
074340
727437
350670
670370
242430
080550
256770
837800
388180
486200
022570
117820
106150
107060
767441
077610
266210
543240
655850
380230
433140
307410
342670
267810
561160
727640
740510
073350
401040
486570
354670
223650
124180
305040
043300
468100
724045
726775
247610
030220
335260
115410
156180
726000
765560
280380
021310
332030
072880
871660
845340
484075
332280
478800
384270
287040
728210
125750
723825
725155
576710
722636
784820
725205
804530
316320
252410
421650
722506
681120
236560
030610
645100
723145
538210
725207
471200
825620
037150
724500
167460
364870
375070
338450
857430
488580
767620
374840
724750
508880
108180
702480
728820
727810
268640
385070
726037
703830
162400
620160
442860
601550
237240
442430
064520
374160
318010
010550
726067
540260
322130
723526
264410
215040
741060
726221
406370
470700
107650
802130
722535
723080
037400
724460
067500
345100
485520
283820
130140
021550
722556
725465
163370
726550
106100
725820
873440
360360
107140
537820
740630
525330
724046
875320
106145
037670
564850
374030
306370
728550
804350
621030
125400
477380
227620
480780
101700
876480
478520
170380
267300
307680
251210
724110
164600
783830
483270
471580
725235
042020
270030
381620
726375
841115
107080
348580
351570
133880
237370
724037
467440
284380
478550
322070
726500
382620
726415
541860
043400
125000
484550
504680
341860
510680
313770
722515
062500
152000
071680
855620
347230
548360
583580
580150
250440
764050
070030
828610
512430
586340
315730
338770
725376
857580
307000
304330
072050
235780
542080
725745
347120
330380
422730
315480
160200
200870
703570
450110
577660
343850
076030
108150
801440
535640
724665
155300
318150
153460
621240
724455
031060
023210
105360
873280
285860
313730
471620
476340
360380
471310
308380
160720
600050
020520
022810
305670
353440
215410
286150
477410
483760
582150
524180
862600
722357
225730
725460
107450
278580
588310
131570
544360
577310
722076
728630
467520
726665
727070
238670
364430
268500
526810
238380
263180
726068
560460
386830
673050
347250
367730
235140
153770
225220
032420
316360
082610
310410
727676
443580
343440
427010
260580
442720
728140
230740
011620
014810
724087
582410
722422
476800
152800
727836
872700
728880
804030
287860
033340
170820
373340
317250
161120
421310
275810
172020
103430
407030
361860
486150
478510
085120
486650
728670
246680
356020
217150
727347
728540
646100
121500
617810
747185
128510
014650
011310
357150
237010
067600
233750
084820
353680
740680
740430
675610
826100
038620
263780
161810
725840
121060
208640
378080
700635
316830
331870
426230
272250
150520
740800
723601
724016
474120
227810
845310
724140
122400
342730
688160
105780
233410
476600
313640
348610
811000
722580
727755
208710
722510
072070
314410
104300
724170
036830
577070
337880
338050
701730
281310
011550
312630
727380
565710
583340
236060
614150
336510
728775
876460
315130
636840
644540
725055
264220
546240
724130
483545
106580
377060
700300
588200
286420
474300
854170
518550
101420
476100
310110
645030
076670
588530
566840
442170
011840
232740
133330
278880
607750
236080
108750
246410
725366
543860
586460
728220
107040
263460
702720
722085
486470
722670
548520
478270
172800
854060
722536
728030
726270
338340
247260
724860
724075
286220
488460
725057
648820
604250
523230
467600
561720
726065
305210
478830
335060
160220
560160
702220
485170
038040
725860
241660
671070
722356
257010
038710
020670
678850
554720
261450
488400
725466
231050
374200
042500
534800
724065
684240
661520
031750
075240
741210
214350
223750
121200
361770
725020
567630
131681
247580
538170
010010
837480
062400
587260
703400
122700
107655
804480
254280
240760
567780
741380
224220
838270
645000
061000
034850
277580
030750
725830
077560
484620
100031
856720
322870
286660
104050
081600
375660
727200
474770
814080
802110
570160
475730
728650
568860
724670
833780
723076
588130
320270
387670
165310
722525
601070
727270
134770
725135
607140
364570
343680
200260
247130
268250
845420
106320
105670
725816
670010
575620
171270
728310
552480
545180
851510
238030
726360
478370
702710
725027
722237
033430
226380
245070
203570
080020
701748
762550
477210
225250
022510
612400
305420
400720
467500
220060
273730
236440
547250
107880
382670
202770
266530
035771
014670
474830
587640
580400
357070
408000
271130
301510
224810
675870
360010
603600
724510
385670
103130
406020
618160
106570
761510
307580
083830
238410
703855
860680
722868
162350
033770
106130
042700
702755
561520
725051
702757
062350
040180
376320
636540
235160
225460
131160
316770
100420
728870
571560
600400
105580
128250
275185
727436
646600
723125
313380
726230
337110
388160
226710
033230
387730
477620
380620
646550
361520
043200
723417
723740
726557
042400
840180
014450
362460
172400
338810
477430
318230
427240
134520
477710
725640
346460
724086
040130
282400
673150
386650
030700
335620
343570
765250
287850
725375
471066
360830
724070
105150
726185
314740
163320
476780
132620
443380
725070
021000
223120
074800
347170
506320
638160
347350
010250
722666
111150
470250
874360
347310
545110
030320
604300
727150
728010
306200
726620
844550
253250
837210
104270
107520
375030
870220
104000
300370
021380
385110
483830
378760
071430
618470
330670
164000
471315
106420
476710
442210
063750
722740
108350
242570
035660
728720
150200
471571
386370
101470
275530
021140
844440
151500
036720
301650
726460
108570
724050
766342
082330
722485
308180
476040
132280
537230
406340
100150
077650
245380
726630
878280
870470
287300
528660
725035
442540
373860
085300
421050
031770
727310
470660
386130
025080
728420
101620
471080
722280
703885
032431
483520
031850
584570
383280
020640
484050
063700
800480
728500
213580
034530
030100
305470
105770
760751
060870
725076
873850
322460
620020
103250
260380
516420
366430
064070
406740
030300
287050
601010
467540
107420
111200
786470
484506
803720
722326
263100
368640
357770
722435
020630
333450
424100
505480
126000
020530
612850
616000
305540
620070
282480
724686
108380
022230
155250
350010
400300
406210
371450
156050
336570
171240
062100
740710
526450
070550
170660
724457
226480
160700
236040
370210
060110
082100
532760
230220
507740
374710
518110
680540
835770
355140
605550
857030
740760
085750
375720
722446
080840
388810
514770
722430
161400
103810
130330
563740
480600
875800
325710
722650
722317
357420
112310
477040
171160
836120
311630
725430
747187
471065
581440
228350
741030
010530
853650
161470
725346
308530
480100
726278
157120
074770
767810
723566
747770
383010
085360
610750
356050
344010
844740
483310
471204
125100
746710
377110
377040
388850
108030
232260
400610
288150
285410
154050
671520
723086
350780
276650
637050
112400
725120
725306
703406
076350
726555
308460
301570
567480
616870
740660
722530
206650
655030
305760
156000
033420
723816
011210
161100
170670
676650
485830
282640
636820
154100
316380
036731
683120
724565
306750
104040
023180
321280
075020
727815
722730
064470
724177
586530
678670
268360
035310
488700
216130
256270
724677
246840
725560
218240
118580
081300
766850
605810
171880
726455
787550
248430
572450
302550
232420
363250
571440
474250
533520
221060
844350
483560
484070
383160
388440
388800
725280
153100
407470
483280
724766
575040
318840
111300
571780
442570
480800
745700
233330
603380
081800
875440
728740
406700
261240
476350
380820
152300
231740
012280
655780
836340
475420
160880
153500
645450
725486
080250
262470
248020
115200
270440
725450
153350
477150
282250
740730
085620
726070
476620
251510
230320
304240
488020
725780
404000
041750
560670
530830
661420
236780
442850
156110
702550
236320
332460
726210
260670
787200
722170
538630
467660
085240
314450
347530
235520
222140
072650
227070
171700
637260
472185
036030
278150
724467
644530
724516
703860
102150
274280
504340
577740
388530
476380
150040
727031
073150
353450
104530
020540
726686
333460
037020
014780
601410
585270
353860
722865
338850
061510
443040
060600
072350
722655
123300
474280
856400
100330
702310
246880
747540
160640
851530
723306
330270
374720
763610
346870
062720
384750
035020
062700
671370
621310
166220
234110
372600
374700
103610
726885
474200
365010
133530
724680
025660
285260
385830
475820
727110
076210
252480
335360
488260
246710
020500
070270
303850
762861
368310
351880
380810
360220
728280
256210
064780
218250
872170
484266
284330
157180
723068
330360
171120
282550
160610
106330
403720
583450
353210
740620
356350
275155
442360
724550
722340
812000
350850
306550
031500
384080
268820
165200
250550
112040
161000
072800
724776
236310
343000
352170
724126
355630
723560
080870
308110
321210
548300
780730
317700
060700
547740
036140
160400
083600
488480
250510
442840
814150
723105
236350
656600
364030
383450
722325
728170
105260
